0
0
100
1300
6900
4300
10000
400
6400
300
1000
10000
5600
2500
10200
10400
7200
8800
300
7600
0
100
100
0
100
0
0
200
100
0
100
0
0
0
100
1000
400
0
1100
3000
10000
100
100
100
7400
1000
400
600
400
5900
200
100
0
0
0
0
0
0
0
10000
0
0
10000
0
300
7900
7100
600
9600
9000
200
0
0
0
10000
8900
300
200
10000
10000
300
10000
8700
1000
2200
3900
10000
10000
4200
10000
10000
9600
10000
1200
4600
4100
10000
10000
10000
10000
10000
0
10000
10000
10000
10000
0
0
0
10000
10000
1400
0
0
0
0
0
0
0
0
0
0
0
0
0
0
10000
